[gd_scene load_steps=5 format=3 uid="uid://dbgmtnb228diu"]

[ext_resource type="Script" path="res://SwitchCollider.gd" id="1_no5s3"]

[sub_resource type="StandardMaterial3D" id="StandardMaterial3D_tgr8j"]
albedo_color = Color(0.34902, 0.490196, 0.878431, 1)
metallic = 0.5
metallic_specular = 0.66
clearcoat_roughness = 0.32
refraction_enabled = true
refraction_scale = 0.21

[sub_resource type="BoxMesh" id="BoxMesh_rrgg1"]

[sub_resource type="SphereShape3D" id="SphereShape3D_mjrjx"]
radius = 31.2089

[node name="Switch" type="Area3D"]
transform = Transform3D(0.995715, 0, -0.0924749, 0, 1, 0, 0.0924749, 0, 0.995715, 0, 0, 0)

[node name="mesh" type="MeshInstance3D" parent="."]
transform = Transform3D(0.636112, 0.720311, 0.27661, -0.508302, 0.660906, -0.552116, -0.580509, 0.210606, 0.786546, 0, 0, 0)
material_override = SubResource("StandardMaterial3D_tgr8j")
transparency = 0.58
mesh = SubResource("BoxMesh_rrgg1")
skeleton = NodePath("")

[node name="OmniLight3D2" type="OmniLight3D" parent="."]
transform = Transform3D(0.995715, 0, 0.0924749, 0, 1, 0, -0.0924749, 0, 0.995715, 0.918291, -0.324104, -0.102225)
light_color = Color(0.960784, 0.462745, 0.027451, 1)
light_energy = 5.04
omni_range = 26.837
omni_attenuation = 0.5

[node name="areacollider" type="CollisionShape3D" parent="."]
transform = Transform3D(0.0286202, 0, 4.65661e-10, 0, 0.0286202, 0, -4.65661e-10, 0, 0.0286202, 0, 0, 0)
shape = SubResource("SphereShape3D_mjrjx")
script = ExtResource("1_no5s3")

[connection signal="area_entered" from="." to="areacollider" method="_on_switch_area_entered"]
[connection signal="body_entered" from="." to="areacollider" method="_on_switch_body_entered"]
